192.168.0.1 {

    ip  128 64  32  16      8   4   2   1
    192 1   1   0   0       0   0   0   0
    168 1   0   1   0       1   0   0   0
    0   0   0   0   0       0   0   0   0
    1   0   0   0   0       0   0   0   1

    1100 0000 . 1010 1000 . 0000 0000 . 0000 0001
}

10.10.8.4 {

    ip  128 64  32  16      8   4   2   1
    10  0   0   0   0       1   0   1   0
    10  0   0   0   0       1   0   1   0
    8   0   0   0   0       1   0   0   0
    4   0   0   0   0       0   1   0   0

    0000 1010 . 0000 1010 . 0000 1000 . 0000 0100
}

172.10.15.2 {

    ip  128 64  32  16      8   4   2   1
    172 1   0   1   0       1   1   0   0
    10  0   0   0   0       1   0   1   0
    15  0   0   0   0       1   1   1   1
    2   0   0   0   0       0   0   1   0
    
    1010 1100 . 0000 1010 . 0000 1111 . 0000 0010
}

192.168.56.1 {

    ip  128 64  32  16      8   4   2   1
    192 1   1   0   0       0   0   0   0
    168 1   0   1   0       1   0   0   0   
    56  0   0   1   1       1   0   0   0
    1   0   0   0   0       0   0   0   1

    1100 0000 . 1010 1000 . 0011 1000 . 0000 0001
}

