192.168.0.1 {

    ip  128 64  32  16      8   4   2   1
    192 1   1   0   0       0   0   0   0
    168 1   0   1   0       1   0   0   0
    0   0   0   0   0       0   0   0   0
    1   0   0   0   0       0   0   0   1

    1100 0000 . 1010 1000 . 0000 0000 . 0000 0001
}

10.10.8.4 {

    ip  128 64  32  16      8   4   2   1
    10  0   0   0   0       1   0   1   0
    10  0   0   0   0       1   0   1   0
    8   0   0   0   0       1   0   0   0
    4   0   0   0   0       0   1   0   0

    0000 1010 . 0000 1010 . 0000 1000 . 0000 0100
}

172.10.15.2 {

    ip  128 64  32  16      8   4   2   1
    172 1   0   1   0       1   1   0   0
    10  0   0   0   0       1   0   1   0
    15  0   0   0   0       1   1   1   1
    2   0   0   0   0       0   0   1   0
    
    1010 1100 . 0000 1010 . 0000 1111 . 0000 0010
}

192.168.56.1 {

    ip  128 64  32  16      8   4   2   1
    192 1   1   0   0       0   0   0   0
    168 1   0   1   0       1   0   0   0   
    56  0   0   1   1       1   0   0   0
    1   0   0   0   0       0   0   0   1

    1100 0000 . 1010 1000 . 0011 1000 . 0000 0001
}

mask 1 {
    mask        255.255.255.0  -   1111 1111 . 1111 1111 . 1111 1111 . 0000 0000
    ID da rede  192.168.32.0   -   1100 0000 . 1010 1000 . 0010 0000 . 0000 0000
    Broadcast   192.168.32.255 -   1100 0000 . 1010 1000 . 0010 0000 . 1111 1111

    HOSTS VÁLIDOS:                
    primeiro    192.168.32.1   -   1100 0000 . 1010 1000 . 0010 0000 . 0000 0001
    ultimo      192.168.32.254 -   1100 0000 . 1010 1000 . 0010 0000 . 1111 1110
}

192.168.201.134 {

    msk 128 64  32  16      8   4   2   1
    255 1   1   1   1       1   1   1   1
    255 1   1   1   1       1   1   1   1   
    252 1   1   1   1       1   1   0   0
    0   0   0   0   0       0   0   0   0

    1111 1111 . 1111 1111 . 1111 1100 . 0000 0000

    ip  128 64  32  16      8   4   2   1
    192 1   1   0   0       0   0   0   0
    168 1   0   1   0       1   0   0   0
    201 1   1   0   0       1   0   0   1
    134 1   0   0   0       0   1   1   0

    1100 0000 . 1010 1000 . 1100 1001 . 1000 0110
}

255.255.255.224 {

    msk 128 64  32  16      8   4   2   1
    255 1   1   1   1       1   1   1   1
    255 1   1   1   1       1   1   1   1
    255 1   1   1   1       1   1   1   1
    224 1   1   1   0       0   0   0   0

    3 bits de rede => 2^3 = 8 subredes
    5 bits de host => 2^5 = 32 IPs por redes

    32 IPs -1(ID) -1(BD) => 32-2 = 30 IPs válidos

    8 subredes com 30 IPs válidos cada =>  8*30 = 240 máquinas
}